Edu2.FM Labo.FM Edu.Exp Life.Exp GNI Mat.Mor Ado.Birth Parli.F
Norway 1.00723888314374 68.7 17.5 81.6 5 4 7.8 39.6
Australia 0.996828752642706 71.8 20.2 82.4 17 6 12.1 30.5
Switzerland 0.98343685300207 74.9 15.8 83 6 6 1.9 28.5
Denmark 0.988612836438924 66.4 18.7 80.2 11 5 5.1 38
Netherlands 0.969060773480663 70.6 17.9 81.6 9 6 6.2 36.9
Germany 0.992783505154639 66.4 16.5 80.9 11 7 3.8 36.9
Ireland 1.02417302798982 68.1 18.6 80.9 16 9 8.2 19.9
United States 1.00316455696203 68.9 16.5 79.1 3 28 31 19.4
Canada 1 71 15.9 82 11 11 14.5 28.2
New Zealand 0.99685204616999 73.8 19.2 81.8 23 8 25.3 31.4
Singapore 0.914814814814815 77.2 15.4 83 -7 6 6 25.3
Sweden 0.990836197021764 67.9 15.8 82.2 -1 4 6.5 43.6
United Kingdom 0.998998998998999 68.7 16.2 80.7 9 8 25.8 23.5
Iceland 0.993449781659389 77.4 19 82.6 12 4 11.5 41.3
Korea (Republic of) 0.864197530864198 72.1 16.9 81.9 13 27 2.2 16.3
Israel 0.966781214203895 69.1 16 82.4 16 2 7.8 22.5
Luxembourg 1 64.6 13.9 81.7 -11 11 8.3 28.3
Japan 1.01398601398601 70.4 15.3 83.5 7 6 5.4 11.6
Belgium 0.934861278648975 59.3 16.3 80.8 0 6 6.7 42.4
France 0.9375 61.6 16 82.2 4 12 5.7 25.7
Austria 1 67.7 15.7 81.4 -5 4 4.1 30.3
Finland 1 64 17.1 80.8 0 4 9.2 42.5
Slovenia 0.977551020408163 63.2 16.8 80.4 12 7 0.6 27.7
Spain 0.913816689466484 65.8 17.3 82.6 7 4 10.6 38
Italy 0.884472049689441 59.5 16 83.1 4 4 4 30.1
Czech Republic 1.00200601805416 68.3 16.4 78.6 10 5 4.9 18.9
Greece 0.888059701492537 62.5 17.6 80.9 14 5 11.9 21
Estonia 1 68.9 16.5 76.8 12 11 16.8 19.8
Cyprus 0.930232558139535 71.1 14 80.2 3 10 5.5 12.5
Qatar 1.13050847457627 95.5 13.8 78.2 -31 6 9.5 0
Slovakia 0.995979899497487 68.6 15.1 76.3 5 7 15.9 18.7
Poland 0.928654970760234 64.9 15.5 77.4 10 3 12.2 22.1
Lithuania 0.944856839872746 67.3 16.4 73.3 7 11 10.6 23.4
Malta 0.877237851662404 66.3 14.4 80.6 -1 9 18.2 13
Saudi Arabia 0.860597439544808 78.3 16.3 74.3 -27 16 10.2 19.9
Argentina 0.977430555555555 75 17.9 76.3 11 69 54.4 36.8
United Arab Emirates 1.19444444444444 92 13.3 77 -34 8 27.6 17.5
Chile 0.959424083769633 74.8 15.2 81.7 11 22 55.3 15.8
Portugal 0.989626556016598 66.2 16.3 80.9 -2 8 12.6 31.3
Hungary 0.991894630192503 60 15.4 75.2 3 14 12.1 10.1
Bahrain 1.10311284046693 86.9 14.4 76.6 -20 22 13.8 15
Latvia 0.998989898989899 67.6 15.2 74.2 4 13 13.5 18
Croatia 0.908119658119658 58.4 14.8 77.3 11 13 12.7 25.8
Kuwait 0.987566607460036 83.1 14.7 74.4 -46 14 14.5 1.5
Montenegro 0.889123548046463 57.3 15.2 76.2 27 7 15.2 17.3
Belarus 0.943600867678959 63.1 15.7 71.3 14 1 20.6 30.1
Russian Federation 0.968648648648649 71.7 14.7 70.1 -1 24 25.7 14.5
Oman 0.82661996497373 82.6 13.6 76.8 -23 11 10.6 9.6
Romania 0.935869565217391 64.9 14.2 74.7 10 33 31 12
Uruguay 1.08151093439364 76.8 15.5 77.2 7 14 58.3 11.5
Bahamas 1.04109589041096 79.3 12.6 75.4 -3 37 28.5 16.7
Kazakhstan 0.964574898785425 77.9 15 69.4 -1 26 29.9 20.1
Barbados 1.02052451539339 76.6 15.4 75.6 27 52 48.4 19.6
Bulgaria 0.971786833855799 59 14.4 74.2 13 5 35.9 20.4
Panama 1.08216432865731 81.8 13.3 77.6 1 85 78.5 19.3
Malaysia 0.91304347826087 75.5 12.7 74.7 -14 29 5.7 14.2
Mauritius 0.851724137931034 74.2 15.6 74.4 0 73 30.9 11.6
Trinidad and Tobago 0.980295566502463 75.5 12.3 70.4 -25 84 34.8 24.7
Serbia 0.793478260869565 60.9 14.4 74.9 20 16 16.9 34
Cuba 0.942893401015228 70 13.8 79.4 47 80 43.1 48.9
Lebanon 0.956678700361011 70.9 13.8 79.3 -1 16 12 3.1
Costa Rica 1.0039603960396 79 13.9 79.4 10 38 60.8 33.3
Iran (Islamic Republic of) 0.920118343195266 73.6 15.1 75.4 4 23 31.6 3.1
Venezuela (Bolivarian Republic of) 1.11417322834646 79.2 14.2 74.2 -2 110 83.2 17
Turkey 0.65 70.8 14.5 75.3 -12 20 30.9 14.4
Sri Lanka 0.951570680628272 76.3 13.7 74.9 29 29 16.9 5.8
Mexico 0.919141914191419 79.9 13.1 76.8 -4 49 63.4 37.1
Brazil 1.04198473282443 80.8 15.2 74.5 -1 69 70.8 9.6
Georgia 0.967637540453074 75.1 13.8 74.9 40 41 46.8 11.3
Azerbaijan 0.962012320328542 69.6 11.9 70.8 -11 26 40 15.6
Jordan 0.885350318471338 66.6 13.5 74 11 50 26.5 11.6
The former Yugoslav Republic of Macedonia 0.723021582733813 67.5 13.4 75.4 9 7 18.3 33.3
Ukraine 0.956204379562044 66.9 15.1 71 25 23 25.7 11.8
Algeria 0.861290322580645 72.2 14 74.8 -1 89 10 25.7
Peru 0.851739788199697 84.4 13.1 74.6 8 89 50.7 22.3
Albania 0.930602957906712 65.5 11.8 77.8 14 21 15.3 20.7
Armenia 0.989473684210526 72.6 12.3 74.7 22 29 27.1 10.7
Bosnia and Herzegovina 0.643266475644699 57.3 13.6 76.5 19 8 15.1 19.3
Ecuador 1.01776649746193 82.7 14.2 75.9 7 87 77 41.6
China 0.816411682892907 78.3 13.1 75.8 -7 32 8.6 23.6
Fiji 0.995348837209302 72 15.7 70 21 59 42.8 14
Mongolia 1.01426872770511 69.3 14.6 69.4 4 68 18.7 14.9
Thailand 0.875 80.7 13.5 74.4 -13 26 41 6.1
Libya 1.32458233890215 76.4 14 71.6 -19 15 2.5 16
Tunisia 0.711496746203904 70.9 14.6 74.8 1 46 4.6 31.3
Colombia 1.02338129496403 79.7 13.5 74 -9 83 68.5 20.9
Jamaica 1.05413105413105 70.9 12.4 75.7 13 80 70.1 16.7
Tonga 0.990939977349943 74.6 14.7 72.8 32 120 18.1 0
Belize 1.00791556728232 82.3 13.6 70 9 45 71.4 13.3
Dominican Republic 1.04708097928437 78.6 13.1 73.5 -12 100 99.6 19.1
Suriname 0.94692144373673 68.8 12.7 71.1 -32 130 35.2 11.8
Maldives 0.834862385321101 77.5 13 76.8 -19 31 4.2 5.9
Samoa 1.07166666666667 58.4 12.9 73.4 24 58 28.3 6.1
Botswana 0.944801026957638 81.6 12.5 64.5 -41 170 44.2 9.5
Moldova (Republic of) 0.968944099378882 44.2 11.9 71.6 23 21 29.3 20.8
Egypt 0.724422442244224 74.8 13.5 71.1 -12 45 43 2.2
Gabon 1.49307479224377 65.4 12.5 64.4 -42 240 103 16.2
Indonesia 0.810975609756098 84.2 13 68.9 -9 190 48.3 17.1
Paraguay 0.855813953488372 84.8 11.9 72.9 -3 110 67 16.8
Philippines 1.03453689167975 79.7 11.3 68.2 -7 120 46.8 27.1
El Salvador 0.844036697247706 79 12.3 73 -3 69 76 27.4
South Africa 0.957839262187088 60.5 13.6 57.4 -29 140 50.9 40.7
Viet Nam 0.834269662921348 82.2 11.9 75.8 15 49 29 24.3
Bolivia (Plurinational State of) 0.805414551607445 80.9 13.2 68.3 4 200 71.9 51.8
Kyrgyzstan 0.976239669421488 79.5 12.5 70.6 29 75 29.3 23.3
Iraq 0.553784860557769 69.8 10.1 69.4 -44 67 68.7 26.5
Guyana 1.26150627615063 80.5 10.3 66.4 -4 250 88.5 31.3
Nicaragua 1.02872062663185 80.3 11.5 74.9 12 100 100.8 39.1
Morocco 0.685430463576159 75.8 11.6 74 -8 120 35.8 11
Namibia 0.968023255813953 63.7 11.3 64.8 -21 130 54.9 37.7
Guatemala 0.943965517241379 88.2 10.7 71.8 -11 140 97.2 13.3
Tajikistan 1.04276315789474 77.1 11.2 69.4 27 44 42.8 15.2
India 0.477031802120141 79.9 11.7 68 -4 190 32.8 12.2
Honduras 1.08527131782946 82.9 11.1 73.1 7 120 84 25.8
Bhutan 0.985507246376812 77.2 12.6 69.5 -17 120 40.9 8.3
Syrian Arab Republic 0.728395061728395 72.7 12.3 69.6 21 49 41.6 12.4
Congo 0.84468085106383 73 11.1 62.3 -14 410 126.7 11.5
Zambia 0.586363636363636 85.6 13.5 60.1 2 280 125.4 12.7
Ghana 0.698608964451314 71.4 11.5 61.4 -1 380 58.4 10.9
Bangladesh 0.825665859564165 84.1 10 71.6 5 170 80.6 20
Cambodia 0.432314410480349 86.5 10.9 68.4 7 170 44.3 19
Kenya 0.805732484076433 72.4 11 61.6 9 400 93.6 20.8
Nepal 0.463350785340314 87.1 12.4 69.6 16 190 73.7 29.5
Pakistan 0.418655097613883 82.9 7.8 66.2 -14 170 27.3 19.7
Myanmar 1.49673202614379 82.3 8.6 65.9 -12 200 12.1 4.7
Swaziland 0.842307692307692 71.6 11.3 49 -25 310 72 14.7
Tanzania (United Republic of) 0.589473684210526 90.2 9.2 65 8 410 122.7 36
Cameroon 0.610315186246418 76.8 10.4 55.5 -1 590 115.8 27.1
Zimbabwe 0.785483870967742 89.7 10.9 57.5 13 470 60.3 35.1
Mauritania 0.397129186602871 79.1 8.5 63.1 -14 320 73.3 22.2
Papua New Guinea 0.524137931034483 74 9.9 62.6 -1 220 62.1 2.7
Yemen 0.322097378277154 72.2 9.2 63.8 -17 270 47 0.7
Lesotho 1.15263157894737 73.5 11.1 49.8 -16 490 89.4 26.8
Togo 0.399503722084367 81.3 12.2 59.7 17 450 91.5 17.6
Haiti 0.636363636363636 71 8.7 62.8 4 380 42 3.5
Rwanda 0.909090909090909 85.3 10.3 64.2 11 320 33.6 57.5
Uganda 0.683582089552239 79.2 9.8 58.5 6 360 126.6 35
Benin 0.418518518518519 78.3 11.1 59.6 0 340 90.2 8.4
Sudan 0.664835164835165 76 7 63.5 -27 360 84 23.8
Senegal 0.467532467532468 88 7.9 66.5 -8 320 94.4 42.7
Afghanistan 0.197986577181208 79.5 9.3 60.4 -7 400 86.8 27.6
Côte d'Ivoire 0.465116279069767 81.4 8.9 51.5 -24 720 130.3 9.2
Malawi 0.513888888888889 81.5 10.8 62.8 13 510 144.8 16.7
Ethiopia 0.428571428571429 89.3 8.5 64.1 2 420 78.4 25.5
Gambia 0.552380952380952 82.9 8.8 60.2 -2 430 115.8 9.4
Congo (Democratic Republic of the) 0.395061728395062 73.2 9.8 58.7 11 730 135.3 8.2
Liberia 0.391857506361323 64.8 9.5 60.9 7 640 117.4 10.7
Mali 0.509933774834437 81.4 8.4 58 -8 550 175.6 9.5
Mozambique 0.225806451612903 82.8 9.3 55.1 1 480 137.8 39.6
Sierra Leone 0.460829493087558 69 8.6 50.9 -16 1100 100.7 12.4
Burkina Faso 0.28125 90 7.8 58.7 -13 400 115.4 13.3
Burundi 0.63855421686747 82 10.1 56.7 1 740 30.3 34.9
Chad 0.171717171717172 79.2 7.4 51.6 -22 980 152 14.9
Central African Republic 0.378277153558052 85.1 7.2 50.7 1 880 98.3 12.5
Niger 0.307692307692308 89.7 5.4 61.4 -5 630 204.8 13.3
